01  1 1 1 3 4
02  1 1 1 4 3
03  1 1 2 2 4
04  1 1 2 4 2
05  1 1 3 1 4
06  1 1 3 2 3
07  1 1 3 3 2
08  1 1 3 4 1
09  1 1 4 1 3
10  1 1 4 2 2
11  1 1 4 3 1
12  1 2 1 2 4
13  1 2 1 3 3
14  1 2 1 4 2
15  1 2 2 1 4
16  1 2 2 2 3
17  1 2 2 3 2
18  1 2 2 4 1
19  1 2 3 1 3
20  1 2 3 2 2
21  1 2 3 3 1
22  1 2 4 1 2
23  1 2 4 2 1
24  1 3 1 1 4
25  1 3 1 2 3
26  1 3 1 3 2
27  1 3 1 4 1
28  1 3 2 1 3
29  1 3 2 2 2
30  1 3 2 3 1
31  1 3 3 1 2
32  1 3 3 2 1
33  1 3 4 1 1
34  1 4 1 1 3
35  1 4 1 2 2
36  1 4 1 3 1
37  1 4 2 1 2
38  1 4 2 2 1
39  1 4 3 1 1
40  2 1 1 2 4
41  2 1 1 3 3
42  2 1 1 4 2
43  2 1 2 1 4
44  2 1 2 2 3
45  2 1 2 3 2
46  2 1 2 4 1
47  2 1 3 1 3
48  2 1 3 2 2
49  2 1 3 3 1
50  2 1 4 1 2
51  2 1 4 2 1
52  2 2 1 1 4
53  2 2 1 2 3
54  2 2 1 3 2
55  2 2 1 4 1
56  2 2 2 1 3
57  2 2 2 2 2
58  2 2 2 3 1
59  2 2 3 1 2
60  2 2 3 2 1
61  2 2 4 1 1
62  2 3 1 1 3
63  2 3 1 2 2
64  2 3 1 3 1
65  2 3 2 1 2
66  2 3 2 2 1
67  2 3 3 1 1
68  2 4 1 1 2
69  2 4 1 2 1
70  2 4 2 1 1
71  3 1 1 1 4
72  3 1 1 2 3
73  3 1 1 3 2
74  3 1 1 4 1
75  3 1 2 1 3
76  3 1 2 2 2
77  3 1 2 3 1
78  3 1 3 1 2
79  3 1 3 2 1
80  3 1 4 1 1
81  3 2 1 1 3
82  3 2 1 2 2
83  3 2 1 3 1
84  3 2 2 1 2
85  3 2 2 2 1
86  3 2 3 1 1
87  3 3 1 1 2
88  3 3 1 2 1
89  3 3 2 1 1
90  3 4 1 1 1
91  4 1 1 1 3
92  4 1 1 2 2
93  4 1 1 3 1
94  4 1 2 1 2
95  4 1 2 2 1
96  4 1 3 1 1
97  4 2 1 1 2
98  4 2 1 2 1
99  4 2 2 1 1
100 4 3 1 1 1
